Sí hay algún problema con el test escribir a ajuncosa ó abello-r
Has superado el límite máximo de movimientos [ 799 ] y has hecho -->     806
Te has excedido por 7 movimientos
Los siguientes números son con los que ha fallado tu programa : 

25404 32020 25336 13245 12737 20818 19142 8882 1231 10783
9067 31403 27193 5646 1005 12637 184 802 611 8535
13125 2166 31107 3481 6500 1912 31126 1188 5011 7600
127 214 3531 26892 179 3016 1513 2931 877 674
8856 20 327 562 23408 13698 8948 1280 3255 1545
19681 31618 2842 2693 10507 897 30676 3479 3270 28015
3509 26438 3140 31513 11536 1575 17680 31673 13879 24051
8738 6107 493 25409 32266 8397 22688 27464 23011 31328
8551 29997 857 19038 1210 15372 18292 12335 32499 595
10466 23080 7816 8851 29608 25915 27141 3303 16218 2087

Para copiar y pegar en una línea:
25404 32020 25336 13245 12737 20818 19142 8882 1231 10783 9067 31403 27193 5646 1005 12637 184 802 611 8535 13125 2166 31107 3481 6500 1912 31126 1188 5011 7600 127 214 3531 26892 179 3016 1513 2931 877 674 8856 20 327 562 23408 13698 8948 1280 3255 1545 19681 31618 2842 2693 10507 897 30676 3479 3270 28015 3509 26438 3140 31513 11536 1575 17680 31673 13879 24051 8738 6107 493 25409 32266 8397 22688 27464 23011 31328 8551 29997 857 19038 1210 15372 18292 12335 32499 595 10466 23080 7816 8851 29608 25915 27141 3303 16218 2087
